-5.28 -2.51
-5.48 0.05
-8.62 -6.74
-1.62 -2.03
-10.47 -3.17
0.95 -1.19
-3.90 -3.74
-8.20 -4.60
-0.29 -1.29
-11.02 -4.54
-11.63 -2.36
-7.30 -8.97
1.30 2.85
-6.20 -7.74
-3.57 -8.93
-12.71 -2.92
-6.95 -7.56
-7.22 -13.73
-3.89 -0.04
-8.12 -10.43
-5.23 -9.75
-2.27 -4.23
-8.29 5.70
-6.05 -1.92
-2.95 -10.41
-2.83 -4.95
-6.92 1.27
-4.55 -14.81
-6.72 -7.60
-4.65 -1.09
-1.59 0.59
0.50 -6.47
-7.84 -6.58
-3.26 0.29
-2.47 -6.57
-2.86 4.72
-7.51 -0.94
-6.17 -2.50
-6.72 -4.29
-5.35 -5.94
-3.38 -4.07
-16.10 -9.01
-10.70 -5.86
-5.07 -5.70
-6.07 0.52
-8.62 -4.93
-7.01 -1.04
-5.16 -1.51
-3.95 1.76
-3.15 -4.11
